[HotSpots]
1=-7514.94873046875#-2184.31518554688#177.412994384766

face=-12698.4345703125#-109.975646972656#13.4067096710205
behind=-12697.8671875#-114.75708770752#14.419020652771
Fuck=-12689.2998046875#-95.8888549804688#14.6797323226929
cote=-12694.2138671875#-114.03914642334#14.2520351409912
fuite=-12680.197265625#-113.675140380859#20.2448120117188
lol=-868.688049316406#7280.5380859375#34.5008773803711
